Build_kernel, is running. Logging CPU temperature
Time(sec)	Temp(degC)	
..........................
0		61.0	
5		62.0	
10		61.0	
15		61.0	
20		61.0	
25		62.0	
30		64.0	
35		62.0	
40		62.0	
45		63.0	
50		63.0	
55		63.0	
60		61.0	
66		62.0	
74		63.0	
79		62.0	
84		64.0	
89		63.0	
94		63.0	
99		64.0	
104		63.0	
109		63.0	
114		64.0	
119		65.0	
124		64.0	
129		65.0	
134		65.0	
139		65.0	
144		66.0	
149		65.0	
154		65.0	
159		65.0	
164		66.0	
169		66.0	
174		66.0	
179		66.0	
184		67.0	
189		67.0	
194		68.0	
199		67.0	
204		67.0	
209		66.0	
214		65.0	
219		63.0	
225		62.0	
230		62.0	
235		62.0	
240		63.0	
245		62.0	
250		62.0	
255		65.0	
260		65.0	
265		68.0	
271		68.0	
276		69.0	
281		68.0	
286		65.0	
291		66.0	
296		65.0	
301		63.0	
306		64.0	
311		64.0	
316		63.0	
321		64.0	
326		63.0	
331		64.0	
337		62.0	
342		61.0	
347		61.0	
352		61.0	
357		60.0	
362		61.0	
367		59.0	
372		60.0	
377		59.0	
383		59.0	
388		60.0	
393		59.0	
398		60.0	
403		59.0	
408		60.0	
413		59.0	
418		60.0	
423		59.0	
428		59.0	
433		58.0	
438		59.0	
443		58.0	
448		58.0	
453		60.0	
458		62.0	
463		65.0	
468		66.0	
473		68.0	
478		67.0	
483		70.0	
488		71.0	
493		70.0	
498		71.0	
503		72.0	
508		72.0	
514		71.0	
519		73.0	
524		73.0	
529		73.0	
534		73.0	
539		74.0	
544		73.0	
549		74.0	
554		74.0	
559		74.0	
564		74.0	
569		75.0	
574		75.0	
579		75.0	
584		75.0	
590		74.0	
595		74.0	
600		75.0	
605		75.0	
610		74.0	
615		75.0	
620		76.0	
625		76.0	
630		76.0	
635		76.0	
640		75.0	
645		76.0	
650		75.0	
655		75.0	
661		76.0	
666		76.0	
671		77.0	
676		77.0	
681		76.0	
686		76.0	
691		76.0	
696		76.0	
701		76.0	
706		76.0	
711		76.0	
716		77.0	
721		77.0	
727		77.0	
732		77.0	
737		77.0	
742		77.0	
747		78.0	
752		77.0	
757		78.0	
762		77.0	
767		77.0	
772		78.0	
777		78.0	
782		77.0	
787		78.0	
792		77.0	
798		78.0	
803		78.0	
808		78.0	
813		78.0	
818		79.0	
823		78.0	
828		79.0	
833		78.0	
838		78.0	
843		78.0	
848		78.0	
853		79.0	
859		78.0	
864		79.0	
869		78.0	
874		79.0	
879		79.0	
884		78.0	
889		79.0	
894		78.0	
899		78.0	
904		78.0	
909		79.0	
914		79.0	
919		78.0	
924		79.0	
929		79.0	
935		79.0	
940		79.0	
945		79.0	
950		78.0	
955		80.0	
960		79.0	
965		80.0	
970		79.0	
975		80.0	
980		79.0	
985		79.0	
990		79.0	
996		80.0	
1001		79.0	
1006		78.0	
1011		79.0	
1016		80.0	
1021		80.0	
1026		80.0	
1031		79.0	
1036		79.0	
1041		79.0	
1046		79.0	
1051		79.0	
1056		79.0	
1061		80.0	
1066		80.0	
1071		80.0	
1077		79.0	
1082		80.0	
1087		80.0	
1092		81.0	
1097		81.0	
1102		80.0	
1107		80.0	
1112		80.0	
1117		79.0	
1122		80.0	
1127		80.0	
1132		80.0	
1137		80.0	
1142		80.0	
1148		80.0	
1153		81.0	
1158		81.0	
1163		81.0	
1168		81.0	
1173		81.0	
1178		81.0	
1183		80.0	
1188		81.0	
1193		80.0	
1198		82.0	
1203		81.0	
1208		81.0	
1213		81.0	
1219		81.0	
1224		82.0	
1229		81.0	
1234		80.0	
1239		81.0	
1244		81.0	
1249		81.0	
1254		81.0	
1259		81.0	
1264		81.0	
1269		82.0	
1274		80.0	
1279		82.0	
1284		82.0	
1290		81.0	
1295		81.0	
1300		80.0	
1305		80.0	
1310		80.0	
1315		81.0	
1320		80.0	
1325		80.0	
1330		80.0	
1335		80.0	
1340		82.0	
1345		81.0	
1350		81.0	
1355		81.0	
1361		81.0	
1366		81.0	
1371		81.0	
1376		80.0	
1381		81.0	
1386		81.0	
1391		82.0	
1396		81.0	
1401		81.0	
1406		82.0	
1411		82.0	
1416		81.0	
1421		82.0	
1426		81.0	
1432		83.0	
1437		81.0	
1442		81.0	
1447		81.0	
1452		82.0	
1457		82.0	
1462		81.0	
1467		82.0	
1472		81.0	
1477		81.0	
1482		81.0	
1487		81.0	
1492		82.0	
1498		82.0	
1503		81.0	
1508		81.0	
1513		81.0	
1518		81.0	
1523		81.0	
1528		82.0	
1533		82.0	
1538		81.0	
1543		82.0	
1548		81.0	
1553		82.0	
1558		82.0	
1563		81.0	
1569		81.0	
1574		81.0	
1579		82.0	
1584		81.0	
1589		83.0	
1594		82.0	
1599		81.0	
1604		80.0	
1609		81.0	
1614		82.0	
1619		81.0	
1624		81.0	
1629		81.0	
1634		81.0	
1640		81.0	
1645		83.0	
1650		82.0	
1655		81.0	
1660		82.0	
1665		82.0	
1670		82.0	
1675		82.0	
1680		82.0	
1685		82.0	
1690		81.0	
1695		82.0	
1700		81.0	
1705		82.0	
1710		81.0	
1716		82.0	
1721		82.0	
1726		81.0	
1731		82.0	
1736		81.0	
1741		82.0	
1746		81.0	
1751		82.0	
1756		82.0	
1761		82.0	
1766		82.0	
1771		81.0	
1777		82.0	
1782		82.0	
1787		81.0	
1792		82.0	
1797		81.0	
1802		82.0	
1807		82.0	
1812		81.0	
1817		82.0	
1822		81.0	
1827		81.0	
1833		82.0	
1838		83.0	
1843		82.0	
1848		82.0	
1853		81.0	
1858		82.0	
1863		81.0	
1868		82.0	
1873		82.0	
1878		81.0	
1883		82.0	
1888		82.0	
1894		82.0	
1899		81.0	
1904		81.0	
1909		82.0	
1914		82.0	
1919		81.0	
1924		82.0	
1929		81.0	
1934		82.0	
1939		82.0	
1944		82.0	
1949		82.0	
1954		82.0	
1959		82.0	
1964		82.0	
1970		82.0	
1975		83.0	
1980		81.0	
1985		82.0	
1990		82.0	
1995		82.0	
2000		81.0	
2005		81.0	
2010		82.0	
2015		83.0	
2020		82.0	
2025		82.0	
2030		81.0	
2035		81.0	
2041		82.0	
2046		82.0	
2051		82.0	
2056		82.0	
2061		81.0	
2066		83.0	
2071		83.0	
2076		82.0	
2081		82.0	
2086		83.0	
2091		82.0	
2096		83.0	
2101		83.0	
2106		82.0	
2112		82.0	
2117		82.0	
2122		83.0	
2127		82.0	
2132		83.0	
2137		82.0	
2142		82.0	
2147		83.0	
2152		82.0	
2157		82.0	
2162		83.0	
2167		83.0	
2173		82.0	
2178		82.0	
2183		82.0	
2188		82.0	
2193		83.0	
2198		82.0	
2203		82.0	
2208		82.0	
2213		82.0	
2218		83.0	
2223		82.0	
2228		82.0	
2234		82.0	
2239		81.0	
2244		81.0	
2249		81.0	
2254		82.0	
2259		82.0	
2264		83.0	
2269		81.0	
2274		81.0	
2279		82.0	
2284		82.0	
2289		82.0	
2295		82.0	
2300		82.0	
2305		81.0	
2310		82.0	
2315		80.0	
2320		81.0	
2325		81.0	
2330		82.0	
2335		81.0	
2340		81.0	
2345		81.0	
2351		81.0	
2356		82.0	
2361		81.0	
2366		80.0	
2371		82.0	
2376		81.0	
2381		81.0	
2386		81.0	
2391		82.0	
2396		82.0	
2401		82.0	
2406		82.0	
2412		81.0	
2417		83.0	
2422		81.0	
2427		82.0	
2432		83.0	
2437		82.0	
2442		82.0	
2447		83.0	
2452		82.0	
2457		83.0	
2462		81.0	
2467		81.0	
2472		82.0	
2477		82.0	
2483		82.0	
2488		82.0	
2493		82.0	
2498		81.0	
2503		83.0	
2508		82.0	
2513		81.0	
2518		82.0	
2523		83.0	
2528		81.0	
2533		81.0	
2538		83.0	
2544		83.0	
2549		82.0	
2554		82.0	
2559		82.0	
2564		82.0	
2569		81.0	
2574		83.0	
2579		82.0	
2584		83.0	
2589		82.0	
2594		82.0	
2599		82.0	
2604		82.0	
2609		82.0	
2615		82.0	
2620		82.0	
2625		82.0	
2630		83.0	
2635		82.0	
2640		82.0	
2645		83.0	
2650		82.0	
2655		82.0	
2660		82.0	
2665		82.0	
2670		83.0	
2675		83.0	
2680		83.0	
2686		82.0	
2691		82.0	
2696		82.0	
2701		82.0	
2706		82.0	
2712		82.0	
2717		83.0	
2722		81.0	
2727		82.0	
2732		81.0	
2737		82.0	
2742		82.0	
2748		81.0	
2753		82.0	
2758		83.0	
2763		82.0	
2768		83.0	
2773		82.0	
2778		82.0	
2783		82.0	
2788		81.0	
2793		81.0	
2798		82.0	
2803		82.0	
2808		82.0	
2813		82.0	
2818		82.0	
2824		81.0	
2829		82.0	
2834		82.0	
2839		82.0	
2844		82.0	
2849		81.0	
2854		82.0	
2859		82.0	
2864		82.0	
2869		81.0	
2874		82.0	
2879		82.0	
2884		81.0	
2890		83.0	
2895		82.0	
2900		81.0	
2905		82.0	
2910		82.0	
2915		83.0	
2920		82.0	
2925		81.0	
2930		82.0	
2935		82.0	
2940		83.0	
2945		82.0	
2950		81.0	
2956		82.0	
2961		82.0	
2966		82.0	
2971		82.0	
2976		81.0	
2981		82.0	
2986		81.0	
2991		81.0	
2996		82.0	
3001		83.0	
3006		82.0	
3011		82.0	
3016		81.0	
3021		82.0	
3027		82.0	
3032		81.0	
3037		82.0	
3042		81.0	
3047		83.0	
3052		82.0	
3057		82.0	
3062		82.0	
3067		81.0	
3072		82.0	
3077		81.0	
3082		83.0	
3088		82.0	
3093		81.0	
3098		82.0	
3103		83.0	
3108		83.0	
3113		82.0	
3118		82.0	
3123		82.0	
3128		82.0	
3133		83.0	
3138		82.0	
3143		82.0	
3148		83.0	
3153		81.0	
3159		83.0	
3164		82.0	
3169		83.0	
3174		81.0	
3179		82.0	
3184		82.0	
3189		82.0	
3194		82.0	
3199		82.0	
3204		81.0	
3209		83.0	
3214		82.0	
3219		82.0	
3224		82.0	
3229		82.0	
3235		82.0	
3240		82.0	
3245		82.0	
3250		82.0	
3255		83.0	
3260		82.0	
3265		83.0	
3270		82.0	
3275		82.0	
3280		82.0	
3285		82.0	
3290		83.0	
3295		82.0	
3301		81.0	
3306		82.0	
3311		82.0	
3316		82.0	
3321		82.0	
3326		83.0	
3331		82.0	
3336		82.0	
3341		82.0	
3346		82.0	
3351		83.0	
3356		82.0	
3362		82.0	
3367		82.0	
3372		82.0	
3377		82.0	
3382		82.0	
3387		82.0	
3392		83.0	
3397		82.0	
3402		82.0	
3407		83.0	
3412		82.0	
3417		82.0	
3422		82.0	
3428		82.0	
3433		82.0	
3438		82.0	
3443		83.0	
3448		82.0	
3453		82.0	
3458		81.0	
3463		81.0	
3468		83.0	
3473		81.0	
3478		82.0	
3483		82.0	
3488		82.0	
3494		81.0	
3499		81.0	
3504		83.0	
3509		82.0	
3514		82.0	
3519		81.0	
3524		82.0	
3529		82.0	
3534		81.0	
3539		82.0	
3544		82.0	
3549		83.0	
3554		82.0	
3559		82.0	
3564		82.0	
3570		82.0	
3575		82.0	
3580		83.0	
3585		82.0	
3590		82.0	
3595		82.0	
3600		82.0	
3605		83.0	
3610		82.0	
3615		82.0	
3620		82.0	
3625		82.0	
3630		82.0	
3635		81.0	
3641		82.0	
3646		83.0	
3651		82.0	
3656		83.0	
3661		82.0	
3666		82.0	
3671		83.0	
3676		82.0	
3681		83.0	
3686		82.0	
3691		82.0	
3696		82.0	
3701		82.0	
3706		82.0	
3712		83.0	
3717		82.0	
3722		82.0	
3727		82.0	
3732		82.0	
3737		83.0	
3742		82.0	
3747		82.0	
3752		83.0	
3757		82.0	
3762		81.0	
3767		81.0	
3772		83.0	
3778		82.0	
3783		82.0	
3788		82.0	
3793		82.0	
3798		81.0	
3803		82.0	
3808		82.0	
3813		82.0	
3818		82.0	
3823		82.0	
3828		81.0	
3833		82.0	
3838		82.0	
3844		82.0	
3849		82.0	
3854		83.0	
3859		83.0	
3864		83.0	
3869		79.0	
3874		78.0	
3879		77.0	
3884		77.0	
3889		76.0	
3894		79.0	
3899		79.0	
3904		80.0	
3909		80.0	
3914		81.0	
3919		81.0	
3924		81.0	
3929		81.0	
3935		82.0	
3940		82.0	
3945		82.0	
3950		82.0	
3955		81.0	
3960		83.0	
3965		83.0	
3970		82.0	
3975		82.0	
3980		82.0	
3985		82.0	
3990		84.0	
3995		81.0	
4000		82.0	
4005		82.0	
4011		82.0	
4016		83.0	
4021		81.0	
4026		83.0	
4031		82.0	
4036		82.0	
4041		81.0	
4046		82.0	
4051		81.0	
4056		82.0	
4061		83.0	
4066		82.0	
4071		82.0	
4076		82.0	
4081		82.0	
4087		83.0	
4092		83.0	
4097		82.0	
4102		82.0	
4107		82.0	
4112		76.0	
4117		74.0	
4122		72.0	
4127		72.0	
4132		71.0	
4137		70.0	
4142		71.0	
4147		69.0	
4152		70.0	
4157		70.0	
4162		68.0	
4167		68.0	
4172		67.0	
4177		67.0	
4182		67.0	
4187		68.0	
4192		70.0	
4197		71.0	
4202		70.0	
4207		71.0	
4212		70.0	
4217		68.0	
4222		68.0	
4227		71.0	
4232		70.0	
